1	111901	5.46137507634	2.78045551099	2.53825695486
2	280131	3.43658594892	3.42786007946	1.07808326579
3	161913	4.50819212817	0.231793518587	2.41256753064
4	231260	3.01442725824	1.64051039736	0.780900806322
5	209320	4.24848336638	3.89909784131	1.43177452896
6	293125	3.85692959255	2.80751311631	0.4151601722
7	727634	0.798022506366	0.224457357655	0.589792498997
8	229504	1.55126780006	0.487661486135	2.44205488417
9	120924	3.87997498469	2.28308098624	2.36100064135
10	134321	5.60959634921	1.48639618528	1.40057923131
