1	356240	3.11959403828	2.05725449666	0.732848631844
2	137946	4.36889590294	2.55312460708	2.73025788132
3	132790	4.52381560026	0.246711000452	1.32133156701
4	330530	3.87468908097	3.88386471687	1.39714161037
5	286527	1.36008500893	0.512341092232	2.33453763918
6	397440	3.8432112089	3.22851630077	0.476444901444
7	114720	5.54870179802	3.25113196934	1.73678897103
8	93423	4.2135179665	0.355017128073	3.41838265023
9	145754	5.67978444594	1.58781849468	1.43078027049
10	782450	0.683729751211	0.221666841139	0.503132603676
