1	382175	3.76419745367	3.18386242462	0.424023676321
2	290880	1.29262255981	0.482863207144	2.27780131516
3	763656	0.673307149629	0.216941035795	0.483763943293
4	323021	3.02722234257	1.98040763774	0.761361686587
5	353070	3.90922293523	3.90439869243	1.37405417028
6	158142	4.59166361047	2.63399920632	1.49476651052
7	117021	5.24414491941	3.04749954428	2.77319807804
8	142907	5.78448609597	1.57109180081	1.41442112952
9	132824	4.51020851302	0.226507261338	1.36440536563
10	114124	3.97133880021	0.644803750377	3.37049762612
