1	284654	1.35208869196	0.400506543527	2.03282041157
2	322055	3.62687058404	2.65154892659	0.614386295186
3	105146	3.98331090659	0.579693002929	3.20622382623
4	119622	4.63806880955	0.265620314399	1.43013538047
5	664596	0.653292810306	0.191142088591	0.450461386284
6	128234	5.7167770754	1.7055886213	1.47059223939
7	197941	2.9820179765	1.74270605555	0.855400593268
8	246183	4.08023140445	3.71535633536	1.54638243694
9	162460	5.02388639476	2.66296354758	2.34474110154
10	269145	3.81595367696	3.65457579931	0.658019631087
