1	143252	5.70375773045	1.59589358932	1.56677100065
2	213005	1.40381301449	0.435681262862	2.43915486461
3	287472	3.92574421013	3.77975487047	1.52799324901
4	168809	2.5149098749	1.32135148851	1.02332366351
5	91865	4.10866999425	0.506641402874	3.29306219619
6	307484	3.77650291235	3.37034456825	0.586475285508
7	167088	4.91342387182	2.68549447197	2.49736409955
8	111406	4.49316003073	0.250798670125	1.51887399799
9	315883	3.55123761533	2.35729345878	0.707217495335
10	693769	0.762424301092	0.206392270397	0.566696430636
